757.09375
757.09375
757.09375
757.09375
757.09375
757.09375
757.09375
757.09375
757.09375
757.09375
757.09375
757.09375
757.09375
757.09375
757.09375
757.09375
757.09375
757.09375
757.09375
757.09375
757.09375
757.09375
757.09375
757.09375
757.09375
757.09375
757.09375
757.09375
757.09375
757.09375
757.09375
757.09375
757.09375
757.09375
757.09375
757.09375
757.09375
757.09375
757.09375
757.09375
757.09375
757.09375
757.09375
757.09375
757.09375
757.09375
757.09375
757.09375
757.09375
757.09375
757.09375
757.09375
757.09375
757.09375
757.09375
757.09375
757.09375
757.09375
757.09375
757.09375
757.09375
757.09375
757.09375
757.09375
757.09375
757.09375
757.09375
757.09375
757.09375
757.09375
757.09375
757.09375
757.09375
757.09375
757.09375
757.09375
757.09375
757.09375
757.09375
757.09375
757.09375
757.09375
757.09375
757.09375
757.09375
757.09375
757.09375
757.09375
757.09375
757.09375
757.09375
757.09375
757.09375
757.09375
757.09375
736.0625
713.8125
691.71875
668.71875
648.0625
635.21875
613.
597.125
586.03125
575.71875
560.15625
548.96875
540.625
531.15625
520.21875
512.21875
507.
496.75
487.6875
482.28125
477.03125
469.25
461.
456.53125
448.625
441.59375
434.875
427.
421.875
414.71875
410.125
400.90625
393.8125
388.40625
382.71875
375.28125
365.4375
362.59375
356.28125
347.78125
341.75
336.5625
331.40625
325.625
317.84375
312.625
308.03125
300.625
296.8125
291.75
284.40625
280.25
277.46875
271.96875
266.84375
263.3125
259.65625
254.53125
250.125
248.125
243.8125
239.375
236.71875
234.25
230.3125
228.125
225.28125
222.28125
220.28125
218.
215.65625
213.78125
212.21875
210.96875
209.25
207.875
207.3125
206.21875
205.96875
204.96875
204.53125
204.65625
204.8125
204.8125
205.1875
205.34375
205.71875
207.0625
207.5625
208.1875
209.34375
210.46875
211.875
212.9375
214.53125
215.5
217.5
219.1875
221.03125
222.875
224.75
226.40625
229.53125
231.21875
233.59375
235.75
237.875
240.09375
243.40625
244.53125
246.96875
250.3125
252.5625
254.90625
257.125
260.25
262.09375
264.9375
268.59375
270.625
273.5
275.8125
278.21875
280.625
283.375
286.53125
289.0625
291.03125
294.25
296.75
299.625
301.78125
304.84375
306.6875
310.21875
313.15625
316.03125
318.3125
320.90625
323.75
325.78125
329.1875
331.1875
334.09375
336.375
338.875
340.6875
344.09375
347.5
350.71875
352.46875
355.
358.59375
360.6875
364.34375
366.71875
368.90625
370.9375
373.0625
376.96875
379.875
383.71875
386.6875
389.46875
392.59375
396.28125
399.6875
402.15625
406.09375
408.46875
410.90625
415.1875
417.6875
421.8125
424.59375
426.8125
430.21875
433.3125
435.875
439.71875
442.53125
445.84375
448.1875
452.1875
454.6875
456.625
459.59375
463.75
465.15625
468.125
472.53125
474.375
476.1875
478.65625
482.03125
484.65625
486.53125
489.59375
492.96875
494.21875
497.34375
499.625
503.96875
505.9375
510.78125
513.96875
516.5
520.15625
522.09375
526.375
529.03125
531.46875
534.375
536.96875
538.90625
542.28125
545.
547.
550.21875
552.84375
556.28125
559.
562.
565.15625
567.40625
570.125
573.5
580.0625
582.59375
585.03125
587.84375
590.71875
593.96875
596.6875
601.5
604.03125
607.46875
611.375
613.53125
615.125
617.71875
622.
624.75
627.71875
631.625
634.8125
637.625
639.3125
642.75
647.3125
650.9375
654.96875
657.25
661.5
662.6875
666.34375
671.59375
673.90625
676.65625
679.21875
682.375
686.
689.21875
693.21875
695.375
698.125
700.28125
705.625
707.59375
711.15625
715.4375
719.125
723.625
726.28125
731.34375
733.25
735.40625
740.125
745.3125
747.1875
750.75
756.96875
760.78125
763.125
769.59375
774.78125
777.65625
781.875
786.71875
793.34375
795.15625
799.40625
802.875
809.375
812.375
817.75
824.125
829.34375
833.03125
837.65625
842.84375
846.59375
854.53125
860.53125
868.21875
873.125
879.15625
885.75
891.
897.15625
905.71875
909.3125
917.28125
921.8125
932.34375
936.75
940.125
948.3125
955.3125
964.75
970.
978.28125
984.3125
994.96875
1007.78125
1017.5625
1027.5
1036.15625
1048.15625
1062.25
1072.90625
1082.6875
1104.625
1117.5625
1132.96875
1145.90625
1172.375
1191.0625
1215.21875
1247.75
1268.53125
1308.1875
1348.5
1397.5625
1449.59375
1518.90625
1595.40625
1685.0625
1799.75
1912.65625
1930.5625
1930.5625
1930.5625
1930.5625
1930.5625
1930.5625
1930.5625
1930.5625
1930.5625
1930.5625
1930.5625
1930.5625
1930.5625
1930.5625
1930.5625
1930.5625
1930.5625
1930.5625
1930.5625
1930.5625
1930.5625
1930.5625
1930.5625
1930.5625
1930.5625
1930.5625
1930.5625
1930.5625
1930.5625
1930.5625
1930.5625
1930.5625
1930.5625
1930.5625
1930.5625
1930.5625
1930.5625
1930.5625
1930.5625
1930.5625
1930.5625
1930.5625
1930.5625
1930.5625
1930.5625
1930.5625
1930.5625
1930.5625
1930.5625
1930.5625
1930.5625
1930.5625
1930.5625
1930.5625
1930.5625
1930.5625
1930.5625
1930.5625
1930.5625
1930.5625
1930.5625
1930.5625
1930.5625
1930.5625
1930.5625
1930.5625
1930.5625
