3253.5
3253.5
3253.5
3253.5
3253.5
3253.5
3253.5
3253.5
3253.5
3253.5
3253.5
3253.5
3253.5
3253.5
3253.5
3253.5
3253.5
3253.5
3253.5
3253.5
3253.5
3253.5
3253.5
3253.5
3253.5
3253.5
3253.5
3253.5
3253.5
3253.5
3253.5
3253.5
3253.5
3253.5
3253.5
3253.5
3253.5
3253.5
3253.5
3253.5
3253.5
3253.5
3253.5
3253.5
3253.5
3253.5
3253.5
3253.5
3253.5
3253.5
3253.5
3253.5
3253.5
3253.5
3253.5
3253.5
3253.5
3253.5
3253.5
3253.5
3253.5
3253.5
3253.5
3253.5
3253.5
3253.5
3253.5
3253.5
3253.5
3253.5
3253.5
3253.5
3253.5
3253.5
3253.5
3253.5
3253.5
3253.5
3253.5
3253.5
3253.5
3253.5
3253.5
3253.5
3253.5
3253.5
3253.5
3253.5
3253.5
3253.5
3253.5
3253.5
3253.5
3253.5
3253.5
3253.5
3253.5
3253.5
3253.5
3253.5
3253.5
3253.5
3253.5
3253.5
3253.5
3253.5
3253.5
3253.5
3253.5
3253.5
3253.5
3253.5
3253.5
3253.5
3253.5
3253.5
3253.5
3253.5
3253.5
3253.5
3253.5
3253.5
3253.5
3253.5
3253.5
3253.5
3162.5
3136.0
3091.5
3050.0
3035.5
2951.5
2913.0
2860.0
2810.0
2773.5
2741.5
2718.5
2665.5
2624.5
2584.5
2560.5
2501.0
2468.0
2443.5
2407.5
2368.5
2325.0
2292.5
2273.5
2259.0
2223.0
2193.0
2171.0
2147.5
2128.5
2098.5
2076.5
2034.5
2013.5
1998.0
1985.5
1971.5
1958.5
1937.0
1926.0
1913.0
1905.5
1902.5
1896.0
1883.5
1869.0
1876.5
1874.0
1865.0
1871.5
1871.0
1870.0
1869.0
1874.0
1869.0
1872.5
1875.5
1884.0
1888.0
1891.5
1913.5
1919.5
1931.0
1934.0
1953.0
1964.5
1980.0
1998.0
2015.5
2024.5
2046.0
2057.0
2069.0
2081.5
2109.5
2127.0
2146.0
2166.0
2187.5
2212.5
2244.5
2261.5
2268.5
2289.5
2313.0
2332.0
2363.5
2394.0
2411.5
2423.5
2443.0
2461.0
2499.0
2523.0
2541.0
2563.0
2590.5
2620.0
2646.5
2664.5
2692.5
2714.5
2728.0
2752.5
2777.5
2797.0
2836.5
2868.0
2899.5
2907.0
2929.5
2943.0
2973.0
2993.0
3023.5
3049.5
3068.5
3081.5
3113.0
3147.0
3184.5
3206.0
3224.5
3236.5
3261.0
3279.5
3299.0
3306.5
3338.5
3381.5
3404.5
3422.5
3453.0
3475.0
3491.0
3506.5
3525.5
3558.5
3582.5
3601.0
3617.5
3624.0
3639.0
3686.0
3704.0
3733.5
3758.0
3767.5
3767.5
3780.5
3811.5
3847.5
3880.5
3885.5
3913.0
3921.5
3949.0
3969.5
3996.5
4023.0
4047.0
4070.5
4093.5
4105.5
4123.5
4170.5
4194.0
4197.5
4206.5
4215.5
4230.0
4272.5
4277.0
4322.0
4387.0
4377.5
4398.0
4423.5
4448.0
4493.0
4496.5
4546.5
4554.0
4568.5
4581.0
4647.5
4652.0
4704.0
4726.0
4729.0
4729.0
4765.5
4816.5
4840.0
4874.5
4930.0
4945.5
4979.0
5002.0
5015.0
5066.5
5122.5
5151.0
5159.5
5195.0
5204.5
5233.5
5267.0
5299.0
5325.0
5370.5
5414.5
5418.5
5423.0
5440.0
5513.5
5542.5
5575.0
5587.0
5588.5
5628.5
5654.0
5690.5
5759.0
5807.5
5826.5
5864.0
5910.5
5933.5
5961.5
6004.5
6050.5
6052.5
6090.0
6116.5
6182.5
6181.5
6174.5
6216.5
6267.0
6289.0
6345.0
6352.5
6415.0
6441.0
6468.0
6468.0
6523.0
6570.0
6624.5
6663.5
6712.5
6759.5
6809.0
6840.0
6853.0
6942.0
6983.5
6993.5
7008.5
7039.5
7105.0
7172.5
7222.5
7206.0
7208.0
7257.5
7286.0
7381.5
7430.0
7489.5
7504.5
7504.5
7559.0
7587.5
7605.0
7655.5
7715.5
7767.5
7807.5
7850.0
7907.0
7932.0
8012.5
8099.5
8122.0
8174.5
8174.5
8174.5
8174.5
8174.5
8174.5
8174.5
8174.5
8174.5
8174.5
8174.5
8174.5
8174.5
8174.5
8174.5
8174.5
8174.5
8174.5
8174.5
8174.5
8174.5
8174.5
8174.5
8174.5
8174.5
8174.5
8174.5
8174.5
8174.5
8174.5
8174.5
8174.5
8174.5
8174.5
8174.5
8174.5
8174.5
8174.5
8174.5
8174.5
8174.5
8174.5
8174.5
8174.5
8174.5
8174.5
8174.5
8174.5
8174.5
8174.5
8174.5
8174.5
8174.5
8174.5
8174.5
8174.5
8174.5
8174.5
8174.5
8174.5
8174.5
8174.5
8174.5
8174.5
8174.5
8174.5
8174.5
8174.5
8174.5
8174.5
8174.5
8174.5
8174.5
8174.5
8174.5
8174.5
8174.5
8174.5
8174.5
8174.5
8174.5
8174.5
8174.5
8174.5
8174.5
8174.5
8174.5
8174.5
8174.5
8174.5
8174.5
8174.5
8174.5
8174.5
8174.5
8174.5
8174.5
8174.5
8174.5
8174.5
